3.906250000000000000e-03
3.906249999999986990e-03
4.652823133904575303e-03
3.906250000000012143e-03
3.906250000000000000e-03
3.906249999999984387e-03
1.136270029398161498e-02
3.906250000000020817e-03
3.906250000000000000e-03
3.906249999999945790e-03
1.273229557902068931e+00
3.906249999999954897e-03
3.906250000000000000e-03
3.906250000000011276e-03
1.162547682578698484e-02
3.906249999999994362e-03
3.906250000000000000e-03
3.906250000000001735e-03
4.711441984281833362e-03
3.906249999999999133e-03
3.906250000000000000e-03
3.906249999999998265e-03
4.596360633990949872e-03
3.906250000000001735e-03
3.906250000000000000e-03
3.906249999999996964e-03
1.110935967353013712e-02
3.906250000000004337e-03
3.906250000000000000e-03
3.906249999999983086e-03
4.243832215830724564e-01
3.906249999999983086e-03
3.906250000000000000e-03
3.906250000000004337e-03
1.189824951185926294e-02
3.906249999999998265e-03
3.906250000000000000e-03
3.906250000000000000e-03
4.772218383082722608e-03
3.906249999999999133e-03
3.906250000000000000e-03
3.906249999999999133e-03
4.542055187526378678e-03
3.906250000000000867e-03
3.906250000000000000e-03
3.906249999999997398e-03
1.086493719382253947e-02
3.906250000000001735e-03
3.906250000000000000e-03
3.906249999999990459e-03
2.545979773024029114e-01
3.906249999999989592e-03
3.906250000000000000e-03
3.906250000000002602e-03
1.218162541398437257e-02
3.906249999999999133e-03
3.906250000000000000e-03
3.906250000000000000e-03
4.835155556954516196e-03
3.906249999999998699e-03
3.906250000000000000e-03
3.906249999999999133e-03
4.489909266619955541e-03
3.906250000000000867e-03
3.906250000000000000e-03
3.906249999999997398e-03
1.062895368996291147e-02
3.906250000000002602e-03
3.906250000000000000e-03
3.906249999999992627e-03
1.818214627645196313e-01
3.906249999999992627e-03
3.906250000000000000e-03
3.906250000000003469e-03
1.247626331003652035e-02
3.906249999999998699e-03
3.906250000000000000e-03
3.906250000000000000e-03
4.900258885397635635e-03
3.906249999999999566e-03
3.906250000000000000e-03
3.906249999999999133e-03
4.439926976198234516e-03
3.906250000000000000e-03
3.906250000000000000e-03
3.906249999999998699e-03
1.040096515569173020e-02
3.906250000000001735e-03
3.906250000000000000e-03
3.906249999999994362e-03
1.413811941744838596e-01
3.906249999999993495e-03
3.906250000000000000e-03
3.906250000000000867e-03
1.278287922465248805e-02
3.906249999999999566e-03
3.906250000000000000e-03
3.906250000000000000e-03
4.967536021957071404e-03
3.906250000000000000e-03
3.906250000000000000e-03
3.906249999999999133e-03
4.392113912935833274e-03
3.906249999999999566e-03
3.906250000000000000e-03
3.906249999999999133e-03
1.018055966390997436e-02
3.906250000000000000e-03
3.906250000000000000e-03
3.906249999999994796e-03
1.156392221531181985e-01
3.906249999999994796e-03
3.906250000000000000e-03
3.906250000000001735e-03
1.310225269075381699e-02
3.906249999999999566e-03
3.906250000000000000e-03
3.906250000000000000e-03
5.036997013118673337e-03
3.906250000000000000e-03
3.906250000000000000e-03
3.906249999999999133e-03
4.346477019277544471e-03
3.906250000000000867e-03
3.906250000000000000e-03
3.906249999999998265e-03
9.967354610121282807e-03
3.906250000000000000e-03
3.906250000000000000e-03
3.906249999999996097e-03
9.781172065544502248e-02
3.906249999999995230e-03
3.906250000000000000e-03
3.906250000000001735e-03
1.343523385680412546e-02
3.906249999999999133e-03
3.906250000000000000e-03
3.906250000000000867e-03
5.108654415658343481e-03
3.906249999999999566e-03
3.906250000000000000e-03
3.906249999999999133e-03
4.303024432554957042e-03
3.906249999999999566e-03
3.906250000000000000e-03
3.906249999999998265e-03
9.760994240219440093e-03
3.906250000000000000e-03
3.906250000000000000e-03
3.906249999999996531e-03
8.473290475602628102e-02
3.906249999999996097e-03
3.906250000000000000e-03
3.906250000000001735e-03
1.378275157583241060e-02
3.906249999999999133e-03
3.906250000000000000e-03
3.906249999999999566e-03
5.182523413250879341e-03
3.906249999999999566e-03
3.906250000000000000e-03
3.906249999999999133e-03
4.261765329365261451e-03
3.906250000000000000e-03
3.906250000000000000e-03
3.906249999999997832e-03
9.561147429236494313e-03
3.906249999999999566e-03
3.906250000000000000e-03
3.906249999999996531e-03
7.472677117553930271e-02
3.906249999999996531e-03
3.906250000000000000e-03
3.906250000000000867e-03
1.414582263785159853e-02
3.906249999999999566e-03
3.906250000000000000e-03
3.906250000000000000e-03
5.258621933197062809e-03
3.906249999999999566e-03
3.906250000000000000e-03
3.906249999999999133e-03
4.222709765553498903e-03
3.906250000000000000e-03
3.906250000000000000e-03
3.906249999999999566e-03
9.367505682083072244e-03
3.906249999999999133e-03
3.906250000000000000e-03
3.906249999999996964e-03
6.682300268664431719e-02
3.906249999999997832e-03
3.906250000000000000e-03
3.906250000000000867e-03
1.452556233846927572e-02
3.906250000000000000e-03
3.906250000000000000e-03
3.906250000000000000e-03
5.336970764170690176e-03
3.906249999999999133e-03
3.906250000000000000e-03
3.906250000000000000e-03
4.185868512323662367e-03
3.906249999999999566e-03
3.906250000000000000e-03
3.906249999999998699e-03
9.179781331079772677e-03
3.906250000000000000e-03
3.906250000000000000e-03
3.906249999999996964e-03
6.042092714630342698e-02
3.906249999999996964e-03
3.906250000000000000e-03
3.906250000000000867e-03
1.492319661456985476e-02
3.906249999999999566e-03
3.906250000000000000e-03
3.906250000000000000e-03
5.417593675927713168e-03
3.906250000000000000e-03
3.906250000000000000e-03
3.906249999999998699e-03
4.151252889195029480e-03
3.906250000000000000e-03
3.906250000000000000e-03
3.906249999999998699e-03
8.997705908306766545e-03
3.906250000000000867e-03
3.906250000000000000e-03
3.906249999999997398e-03
5.512880225151495922e-02
3.906249999999996531e-03
3.906250000000000000e-03
3.906250000000001735e-03
1.534007602471233571e-02
3.906249999999999566e-03
3.906250000000000000e-03
3.906249999999999133e-03
5.500517541956088420e-03
3.906249999999999566e-03
3.906250000000000000e-03
3.906249999999999566e-03
4.118874594710284290e-03
3.906250000000000000e-03
3.906250000000000000e-03
3.906249999999999133e-03
8.821028673564495701e-03
3.906250000000000000e-03
3.906250000000000000e-03
3.906249999999997832e-03
5.068024361337333805e-02
3.906249999999997832e-03
3.906250000000000000e-03
3.906250000000000867e-03
1.577769190958238504e-02
3.906250000000000000e-03
3.906250000000000000e-03
3.906249999999999133e-03
5.585772466080698474e-03
3.906249999999999566e-03
3.906250000000000000e-03
3.906249999999999566e-03
4.088745535994094127e-03
3.906249999999999133e-03
3.906250000000000000e-03
3.906250000000000000e-03
8.649515281122420463e-03
3.906250000000000000e-03
3.906250000000000000e-03
3.906249999999997398e-03
4.688779591034590577e-02
3.906249999999997398e-03
3.906250000000000000e-03
3.906250000000000867e-03
1.623769513938037520e-02
3.906249999999999566e-03
3.906250000000000000e-03
3.906249999999999133e-03
5.673391914073501636e-03
3.906250000000000000e-03
3.906250000000000000e-03
3.906250000000000867e-03
4.060877658439144416e-03
3.906249999999999133e-03
3.906250000000000000e-03
3.906249999999999133e-03
8.482946570485332474e-03
3.906249999999999566e-03
3.906250000000000000e-03
3.906249999999997832e-03
4.361571597910014059e-02
3.906249999999997832e-03
3.906250000000000000e-03
3.906250000000000000e-03
1.672191794420809993e-02
3.906250000000000000e-03
3.906250000000000000e-03
3.906249999999999566e-03
5.763412851356571054e-03
3.906250000000000000e-03
3.906250000000000000e-03
3.906249999999999566e-03
4.035282776966101978e-03
3.906250000000000000e-03
3.906250000000000000e-03
3.906249999999999566e-03
8.321117468180304691e-03
3.906249999999999566e-03
3.906250000000000000e-03
3.906249999999998265e-03
4.076329148401248992e-02
3.906249999999998699e-03
3.906250000000000000e-03
3.906250000000000867e-03
1.723239943531016879e-02
3.906249999999999566e-03
3.906250000000000000e-03
3.906249999999999566e-03
5.855875887927631564e-03
3.906250000000000000e-03
3.906250000000000000e-03
3.906249999999998699e-03
4.011972410448629012e-03
3.906250000000000867e-03
3.906250000000000000e-03
3.906249999999999566e-03
8.163835989109314781e-03
3.906249999999999133e-03
3.906250000000000000e-03
3.906249999999999566e-03
3.825422552594351377e-02
3.906249999999998265e-03
3.906250000000000000e-03
3.906250000000000867e-03
1.777141556598020242e-02
3.906250000000000000e-03
3.906250000000000000e-03
3.906249999999999133e-03
5.950825431683224621e-03
3.906249999999999566e-03
3.906250000000000000e-03
3.906249999999999133e-03
3.990957621015048251e-03
3.906249999999999566e-03
3.906250000000000000e-03
3.906249999999999566e-03
8.010922327343348789e-03
3.906249999999999566e-03
3.906250000000000000e-03
3.906249999999998265e-03
3.602966081459980929e-02
3.906249999999997832e-03
3.906250000000000000e-03
3.906250000000000867e-03
1.834151445976525685e-02
3.906250000000000000e-03
3.906250000000000000e-03
3.906249999999999566e-03
6.048309851368052423e-03
3.906249999999999133e-03
3.906250000000000000e-03
3.906250000000000000e-03
3.972248860024868433e-03
3.906250000000000000e-03
3.906250000000000000e-03
3.906249999999998699e-03
7.862208027396101750e-03
3.906249999999999566e-03
3.906250000000000000e-03
3.906249999999998699e-03
3.404346627234119266e-02
3.906249999999997832e-03
3.906250000000000000e-03
3.906250000000000867e-03
1.894555826194619166e-02
3.906250000000000000e-03
3.906250000000000000e-03
3.906249999999999566e-03
6.148381650439158769e-03
3.906250000000000000e-03
3.906250000000000000e-03
3.906249999999998699e-03
3.955855822566957565e-03
3.906250000000000000e-03
3.906250000000000000e-03
3.906249999999998699e-03
7.717535228028845999e-03
3.906249999999999566e-03
3.906250000000000000e-03
3.906249999999998699e-03
3.225897391458381475e-02
3.906249999999997398e-03
3.906250000000000000e-03
3.906250000000001735e-03
1.958677296385546648e-02
3.906250000000000000e-03
3.906250000000000000e-03
3.906249999999999566e-03
6.251097653203917769e-03
3.906250000000000000e-03
3.906250000000000000e-03
3.906249999999999133e-03
3.941787312330936703e-03
3.906249999999999566e-03
3.906250000000000000e-03
3.906249999999999133e-03
7.576755971518670321e-03
3.906249999999999566e-03
3.906250000000000000e-03
3.906249999999998699e-03
3.064667079042852210e-02
3.906249999999997398e-03
3.906250000000000000e-03
3.906250000000000867e-03
2.026880802980947360e-02
3.906250000000000000e-03
3.906250000000000000e-03
3.906249999999999566e-03
6.356519204671629182e-03
3.906250000000000000e-03
3.906250000000000000e-03
3.906249999999998699e-03
3.930051118663598422e-03
3.906249999999999133e-03
3.906250000000000000e-03
3.906249999999999133e-03
7.439731572096555667e-03
3.906249999999999566e-03
3.906250000000000000e-03
3.906249999999998699e-03
2.918253503370350777e-02
3.906249999999997832e-03
3.906250000000000000e-03
3.906250000000000867e-03
2.099580815264744452e-02
3.906250000000000000e-03
3.906250000000000000e-03
3.906249999999999566e-03
6.464712385652200341e-03
3.906250000000000867e-03
3.906250000000000000e-03
3.906250000000000000e-03
3.920653907532954674e-03
3.906249999999999133e-03
3.906250000000000000e-03
3.906249999999999133e-03
7.306332037937013357e-03
3.906250000000000000e-03
3.906250000000000000e-03
3.906249999999998265e-03
2.784681563454427175e-02
3.906249999999998699e-03
3.906250000000000000e-03
3.906250000000000867e-03
2.177250011678016905e-02
3.906249999999999566e-03
3.906250000000000000e-03
3.906250000000000000e-03
6.575748244742717595e-03
3.906249999999999566e-03
3.906250000000000000e-03
3.906249999999999133e-03
3.913601127986175536e-03
3.906250000000000000e-03
3.906250000000000000e-03
3.906249999999999133e-03
7.176435541674145747e-03
3.906250000000000000e-03
3.906250000000000000e-03
3.906249999999998265e-03
2.662312375946669293e-02
3.906249999999997832e-03
3.906250000000000000e-03
3.906250000000000867e-03
2.260429861424602047e-02
3.906250000000000000e-03
3.906250000000000000e-03
3.906249999999999133e-03
6.689703048967256434e-03
3.906250000000000000e-03
3.906250000000000000e-03
3.906249999999999566e-03
3.908896935505486690e-03
3.906250000000000867e-03
3.906250000000000000e-03
3.906249999999999133e-03
7.049927934939702150e-03
3.906249999999999133e-03
3.906250000000000000e-03
3.906249999999999133e-03
2.549774660610972660e-02
3.906249999999998699e-03
3.906250000000000000e-03
3.906250000000000000e-03
2.349743602017871982e-02
3.906250000000000000e-03
3.906250000000000000e-03
3.906250000000000000e-03
6.806658554976281229e-03
3.906250000000000000e-03
3.906250000000000000e-03
3.906249999999999133e-03
3.906544133441185694e-03
3.906250000000000867e-03
3.906250000000000000e-03
3.906249999999999566e-03
6.926702302875707880e-03
3.906250000000000000e-03
3.906250000000000000e-03
3.906249999999998699e-03
2.445912270473134253e-02
3.906249999999998265e-03
3.906250000000000000e-03
3.906250000000000867e-03
2.445912270473133907e-02
3.906249999999999566e-03
3.906250000000000000e-03
3.906250000000000000e-03
6.926702302875699206e-03
3.906250000000000000e-03
3.906250000000000000e-03
3.906250000000000000e-03
3.906544133441052988e-03
3.906250000000000000e-03
3.906250000000000000e-03
3.906249999999998699e-03
6.806658554976282097e-03
3.906249999999999566e-03
3.906250000000000000e-03
3.906249999999998699e-03
2.349743602017873370e-02
3.906249999999998265e-03
3.906250000000000000e-03
3.906250000000000000e-03
2.549774660610973007e-02
3.906250000000000000e-03
3.906250000000000000e-03
3.906250000000000867e-03
7.049927934939693476e-03
3.906249999999999133e-03
3.906250000000000000e-03
3.906249999999999566e-03
3.908896935505423373e-03
3.906249999999999566e-03
3.906250000000000000e-03
3.906249999999999133e-03
6.689703048967241689e-03
3.906250000000000000e-03
3.906250000000000000e-03
3.906249999999998699e-03
2.260429861424601353e-02
3.906249999999998265e-03
3.906250000000000000e-03
3.906250000000000867e-03
2.662312375946669987e-02
3.906250000000000867e-03
3.906250000000000000e-03
3.906249999999999133e-03
7.176435541674143145e-03
3.906249999999999566e-03
3.906250000000000000e-03
3.906250000000000000e-03
3.913601127986137372e-03
3.906250000000000000e-03
3.906250000000000000e-03
3.906249999999999133e-03
6.575748244742714126e-03
3.906250000000000000e-03
3.906250000000000000e-03
3.906249999999999133e-03
2.177250011678017599e-02
3.906249999999997832e-03
3.906250000000000000e-03
3.906250000000000867e-03
2.784681563454426828e-02
3.906250000000000867e-03
3.906250000000000000e-03
3.906249999999999133e-03
7.306332037937017694e-03
3.906250000000000867e-03
3.906250000000000000e-03
3.906249999999999566e-03
3.920653907532931255e-03
3.906249999999999566e-03
3.906250000000000000e-03
3.906250000000000000e-03
6.464712385652185596e-03
3.906249999999999566e-03
3.906250000000000000e-03
3.906249999999999133e-03
2.099580815264743411e-02
3.906249999999998699e-03
3.906250000000000000e-03
3.906250000000000867e-03
2.918253503370351817e-02
3.906250000000000000e-03
3.906250000000000000e-03
3.906249999999999566e-03
7.439731572096581688e-03
3.906250000000000000e-03
3.906250000000000000e-03
3.906249999999999566e-03
3.930051118663594953e-03
3.906249999999999566e-03
3.906250000000000000e-03
3.906249999999998699e-03
6.356519204671629182e-03
3.906249999999999566e-03
3.906250000000000000e-03
3.906249999999999133e-03
2.026880802980946319e-02
3.906249999999998699e-03
3.906250000000000000e-03
3.906250000000000867e-03
3.064667079042852210e-02
3.906250000000000000e-03
3.906250000000000000e-03
3.906250000000000000e-03
7.576755971518675525e-03
3.906249999999999566e-03
3.906250000000000000e-03
3.906249999999999133e-03
3.941787312330931499e-03
3.906250000000000000e-03
3.906250000000000000e-03
3.906249999999999566e-03
6.251097653203916034e-03
3.906249999999999566e-03
3.906250000000000000e-03
3.906249999999999133e-03
1.958677296385548383e-02
3.906249999999998699e-03
3.906250000000000000e-03
3.906250000000000867e-03
3.225897391458382862e-02
3.906250000000000867e-03
3.906250000000000000e-03
3.906249999999999133e-03
7.717535228028853805e-03
3.906250000000000000e-03
3.906250000000000000e-03
3.906249999999999566e-03
3.955855822566948024e-03
3.906249999999999566e-03
3.906250000000000000e-03
3.906250000000000000e-03
6.148381650439162238e-03
3.906249999999999133e-03
3.906250000000000000e-03
3.906250000000000867e-03
1.894555826194620554e-02
3.906249999999997832e-03
3.906250000000000000e-03
3.906250000000000867e-03
3.404346627234120654e-02
3.906250000000000000e-03
3.906250000000000000e-03
3.906249999999999133e-03
7.862208027396119098e-03
3.906250000000000000e-03
3.906250000000000000e-03
3.906249999999999133e-03
3.972248860024864096e-03
3.906249999999999566e-03
3.906250000000000000e-03
3.906250000000000000e-03
6.048309851368055892e-03
3.906249999999999133e-03
3.906250000000000000e-03
3.906249999999998699e-03
1.834151445976523603e-02
3.906249999999997832e-03
3.906250000000000000e-03
3.906250000000000867e-03
3.602966081459980929e-02
3.906250000000001735e-03
3.906250000000000000e-03
3.906249999999998699e-03
8.010922327343341851e-03
3.906249999999999566e-03
3.906250000000000000e-03
3.906249999999999133e-03
3.990957621015006618e-03
3.906250000000000000e-03
3.906250000000000000e-03
3.906249999999999133e-03
5.950825431683218550e-03
3.906249999999999566e-03
3.906250000000000000e-03
3.906249999999999133e-03
1.777141556598019548e-02
3.906249999999997832e-03
3.906250000000000000e-03
3.906250000000000867e-03
3.825422552594352071e-02
3.906250000000001735e-03
3.906250000000000000e-03
3.906250000000000000e-03
8.163835989109363353e-03
3.906249999999999133e-03
3.906250000000000000e-03
3.906249999999999566e-03
4.011972410448623808e-03
3.906250000000000867e-03
3.906250000000000000e-03
3.906249999999999133e-03
5.855875887927624625e-03
3.906250000000000000e-03
3.906250000000000000e-03
3.906249999999999133e-03
1.723239943531016186e-02
3.906249999999997398e-03
3.906250000000000000e-03
3.906250000000001735e-03
4.076329148401247604e-02
3.906250000000000867e-03
3.906250000000000000e-03
3.906249999999999566e-03
8.321117468180309895e-03
3.906250000000000000e-03
3.906250000000000000e-03
3.906249999999998699e-03
4.035282776966086365e-03
3.906249999999999566e-03
3.906250000000000000e-03
3.906249999999999133e-03
5.763412851356558043e-03
3.906249999999999566e-03
3.906250000000000000e-03
3.906249999999999133e-03
1.672191794420808605e-02
3.906249999999998265e-03
3.906250000000000000e-03
3.906250000000000867e-03
4.361571597910015446e-02
3.906250000000001735e-03
3.906250000000000000e-03
3.906249999999999566e-03
8.482946570485382781e-03
3.906250000000000867e-03
3.906250000000000000e-03
3.906249999999999133e-03
4.060877658439135743e-03
3.906249999999999133e-03
3.906250000000000000e-03
3.906250000000000000e-03
5.673391914073486024e-03
3.906249999999999566e-03
3.906250000000000000e-03
3.906249999999999133e-03
1.623769513938037867e-02
3.906249999999997832e-03
3.906250000000000000e-03
3.906250000000001735e-03
4.688779591034589189e-02
3.906250000000001735e-03
3.906250000000000000e-03
3.906249999999999133e-03
8.649515281122531485e-03
3.906250000000000000e-03
3.906250000000000000e-03
3.906249999999999566e-03
4.088745535994088055e-03
3.906250000000000000e-03
3.906250000000000000e-03
3.906249999999999133e-03
5.585772466080695872e-03
3.906250000000000000e-03
3.906250000000000000e-03
3.906249999999999133e-03
1.577769190958239545e-02
3.906249999999997832e-03
3.906250000000000000e-03
3.906250000000001735e-03
5.068024361337333111e-02
3.906250000000000867e-03
3.906250000000000000e-03
3.906250000000000000e-03
8.821028673564376005e-03
3.906250000000000000e-03
3.906250000000000000e-03
3.906249999999999133e-03
4.118874594710301637e-03
3.906250000000000000e-03
3.906250000000000000e-03
3.906249999999999133e-03
5.500517541956079746e-03
3.906249999999999566e-03
3.906250000000000000e-03
3.906249999999999133e-03
1.534007602471232010e-02
3.906249999999998265e-03
3.906250000000000000e-03
3.906250000000002602e-03
5.512880225151497310e-02
3.906250000000000867e-03
3.906250000000000000e-03
3.906249999999999133e-03
8.997705908306735320e-03
3.906250000000000000e-03
3.906250000000000000e-03
3.906249999999998699e-03
4.151252889195006929e-03
3.906250000000000000e-03
3.906250000000000000e-03
3.906249999999998699e-03
5.417593675927714035e-03
3.906249999999999133e-03
3.906250000000000000e-03
3.906249999999999566e-03
1.492319661456986170e-02
3.906249999999998265e-03
3.906250000000000000e-03
3.906250000000002602e-03
6.042092714630342698e-02
3.906250000000001735e-03
3.906250000000000000e-03
3.906249999999999566e-03
9.179781331079767473e-03
3.906250000000000000e-03
3.906250000000000000e-03
3.906249999999999133e-03
4.185868512323681449e-03
3.906250000000000867e-03
3.906250000000000000e-03
3.906249999999999133e-03
5.336970764170698850e-03
3.906249999999998699e-03
3.906250000000000000e-03
3.906249999999999566e-03
1.452556233846927052e-02
3.906249999999998265e-03
3.906250000000000000e-03
3.906250000000001735e-03
6.682300268664431719e-02
3.906250000000002602e-03
3.906250000000000000e-03
3.906249999999999566e-03
9.367505682083009794e-03
3.906250000000000000e-03
3.906250000000000000e-03
3.906250000000000867e-03
4.222709765553460740e-03
3.906250000000000000e-03
3.906250000000000000e-03
3.906249999999999133e-03
5.258621933197066278e-03
3.906249999999999566e-03
3.906250000000000000e-03
3.906249999999999133e-03
1.414582263785159506e-02
3.906249999999997832e-03
3.906250000000000000e-03
3.906250000000002602e-03
7.472677117553933046e-02
3.906250000000001735e-03
3.906250000000000000e-03
3.906249999999999566e-03
9.561147429236476966e-03
3.906250000000000000e-03
3.906250000000000000e-03
3.906249999999999133e-03
4.261765329365281400e-03
3.906249999999999566e-03
3.906250000000000000e-03
3.906249999999999133e-03
5.182523413250857656e-03
3.906249999999999566e-03
3.906250000000000000e-03
3.906249999999999566e-03
1.378275157583240193e-02
3.906249999999997398e-03
3.906250000000000000e-03
3.906250000000003469e-03
8.473290475602628102e-02
3.906250000000003469e-03
3.906250000000000000e-03
3.906249999999998699e-03
9.760994240219447032e-03
3.906250000000000000e-03
3.906250000000000000e-03
3.906249999999999566e-03
4.303024432554920613e-03
3.906249999999999566e-03
3.906250000000000000e-03
3.906249999999999133e-03
5.108654415658354757e-03
3.906249999999999566e-03
3.906250000000000000e-03
3.906249999999999566e-03
1.343523385680410985e-02
3.906249999999998265e-03
3.906250000000000000e-03
3.906250000000002602e-03
9.781172065544498084e-02
3.906250000000003469e-03
3.906250000000000000e-03
3.906249999999998699e-03
9.967354610121294950e-03
3.906250000000000867e-03
3.906250000000000000e-03
3.906249999999999566e-03
4.346477019277536664e-03
3.906249999999999133e-03
3.906250000000000000e-03
3.906250000000000000e-03
5.036997013118693287e-03
3.906249999999999133e-03
3.906250000000000000e-03
3.906249999999999566e-03
1.310225269075377015e-02
3.906249999999997398e-03
3.906250000000000000e-03
3.906250000000004337e-03
1.156392221531181708e-01
3.906250000000003469e-03
3.906250000000000000e-03
3.906249999999998265e-03
1.018055966390998997e-02
3.906250000000000867e-03
3.906250000000000000e-03
3.906249999999999566e-03
4.392113912935849754e-03
3.906249999999999133e-03
3.906250000000000000e-03
3.906249999999999133e-03
4.967536021957041914e-03
3.906249999999999133e-03
3.906250000000000000e-03
3.906249999999999566e-03
1.278287922465252621e-02
3.906249999999997832e-03
3.906250000000000000e-03
3.906250000000004337e-03
1.413811941744838596e-01
3.906250000000004337e-03
3.906250000000000000e-03
3.906249999999998265e-03
1.040096515569170245e-02
3.906250000000000867e-03
3.906250000000000000e-03
3.906249999999998699e-03
4.439926976198244057e-03
3.906249999999999566e-03
3.906250000000000000e-03
3.906249999999999566e-03
4.900258885397650380e-03
3.906249999999999133e-03
3.906250000000000000e-03
3.906250000000000000e-03
1.247626331003642841e-02
3.906249999999997832e-03
3.906250000000000000e-03
3.906250000000006939e-03
1.818214627645196035e-01
3.906250000000006072e-03
3.906250000000000000e-03
3.906249999999997398e-03
1.062895368996292708e-02
3.906250000000001735e-03
3.906250000000000000e-03
3.906249999999998265e-03
4.489909266619961613e-03
3.906250000000000867e-03
3.906250000000000000e-03
3.906249999999999566e-03
4.835155556954543084e-03
3.906249999999998699e-03
3.906250000000000000e-03
3.906250000000001735e-03
1.218162541398443328e-02
3.906249999999996097e-03
3.906250000000000000e-03
3.906250000000009541e-03
2.545979773024028558e-01
3.906250000000010408e-03
3.906250000000000000e-03
3.906249999999996531e-03
1.086493719382248396e-02
3.906250000000001735e-03
3.906250000000000000e-03
3.906249999999998265e-03
4.542055187526341381e-03
3.906249999999999566e-03
3.906250000000000000e-03
3.906249999999999566e-03
4.772218383082705261e-03
3.906249999999998265e-03
3.906250000000000000e-03
3.906250000000000867e-03
1.189824951185922651e-02
3.906249999999994796e-03
3.906250000000000000e-03
3.906250000000015613e-03
4.243832215830724564e-01
3.906250000000018215e-03
3.906250000000000000e-03
3.906249999999993928e-03
1.110935967353002957e-02
3.906250000000002602e-03
3.906250000000000000e-03
3.906249999999998265e-03
4.596360633990775532e-03
3.906250000000000867e-03
3.906250000000000000e-03
3.906249999999999566e-03
4.711441984281797800e-03
3.906249999999997398e-03
3.906250000000000000e-03
3.906250000000005204e-03
1.162547682578706117e-02
3.906249999999987423e-03
3.906250000000000000e-03
3.906250000000044235e-03
1.273229557902068487e+00
3.906250000000054644e-03
3.906250000000000000e-03
3.906249999999978750e-03
1.136270029398163406e-02
3.906250000000015613e-03
3.906250000000000000e-03
3.906249999999985689e-03
4.652823133904457342e-03
3.906250000000012143e-03
