1.491824697641270348e+00
1.490658526352120816e+00
1.489493266668388438e+00
1.488328917877463686e+00
1.487165479267294810e+00
1.486002950126385835e+00
1.484841329743797456e+00
1.483680617409146141e+00
1.482520812412603473e+00
1.481361914044896144e+00
1.480203921597304850e+00
1.479046834361664731e+00
1.477890651630364705e+00
1.476735372696345916e+00
1.475580996853103288e+00
1.474427523394683304e+00
1.473274951615684669e+00
1.472123280811257207e+00
1.470972510277101852e+00
1.469822639309470436e+00
1.468673667205164568e+00
1.467525593261535199e+00
1.466378416776483284e+00
1.465232137048458450e+00
1.464086753376458105e+00
1.462942265060028557e+00
1.461798671399262783e+00
1.460655971694801547e+00
1.459514165247832063e+00
1.458373251360087774e+00
1.457233229333847691e+00
1.456094098471937048e+00
1.454955858077725317e+00
1.453818507455126863e+00
1.452682045908600283e+00
1.451546472743147076e+00
1.450411787264313412e+00
1.449277988778187032e+00
1.448145076591398794e+00
1.447013050011121571e+00
1.445881908345069355e+00
1.444751650901498152e+00
1.443622276989203534e+00
1.442493785917522642e+00
1.441366176996331516e+00
1.440239449536046212e+00
1.439113602847621687e+00
1.437988636242551577e+00
1.436864549032867533e+00
1.435741340531139221e+00
1.434619010050473875e+00
1.433497556904514969e+00
1.432376980407443323e+00
1.431257279873975108e+00
1.430138454619363175e+00
1.429020503959394395e+00
1.427903427210391429e+00
1.426787223689211181e+00
1.425671892713244349e+00
1.424557433600415424e+00
1.423443845669181806e+00
1.422331128238534470e+00
1.421219280627995518e+00
1.420108302157619962e+00
1.418998192147993942e+00
1.417888949920234509e+00
1.416780574795990066e+00
1.415673066097438371e+00
1.414566423147288088e+00
1.413460645268776128e+00
1.412355731785669644e+00
1.411251682022263809e+00
1.410148495303381599e+00
1.409046170954374455e+00
1.407944708301120951e+00
1.406844106670026795e+00
1.405744365388023720e+00
1.404645483782570370e+00
1.403547461181650302e+00
1.402450296913773320e+00
1.401353990307973030e+00
1.400258540693808618e+00
1.399163947401362629e+00
1.398070209761241411e+00
1.396977327104575117e+00
1.395885298763015925e+00
1.394794124068739150e+00
1.393703802354441912e+00
1.392614332953342693e+00
1.391525715199181779e+00
1.390437948426219483e+00
1.389351031969237482e+00
1.388264965163536813e+00
1.387179747344938097e+00
1.386095377849781762e+00
1.385011856014926046e+00
1.383929181177748546e+00
1.382847352676144226e+00
1.381766369848525855e+00
1.380686232033823124e+00
1.379606938571483088e+00
1.378528488801468388e+00
1.377450882064258142e+00
1.376374117700846833e+00
1.375298195052744088e+00
1.374223113461974455e+00
1.373148872271076737e+00
1.372075470823103327e+00
1.371002908461620873e+00
1.369931184530708501e+00
1.368860298374958262e+00
1.367790249339474906e+00
1.366721036769874553e+00
1.365652660012285136e+00
1.364585118413345954e+00
1.363518411320206791e+00
1.362452538080527686e+00
1.361387498042478494e+00
1.360323290554739328e+00
1.359259914966498561e+00
1.358197370627453937e+00
1.357135656887811459e+00
1.356074773098284503e+00
1.355014718610094482e+00
1.353955492774970404e+00
1.352897094945146872e+00
1.351839524473366305e+00
1.350782780712875608e+00
1.349726863017428169e+00
1.348671770741282527e+00
1.347617503239201486e+00
1.346564059866453000e+00
1.345511439978808399e+00
1.344459642932542609e+00
1.343408668084433932e+00
1.342358514791763824e+00
1.341309182412315781e+00
1.340260670304375124e+00
1.339212977826729212e+00
1.338166104338666340e+00
1.337120049199975957e+00
1.336074811770948001e+00
1.335030391412372008e+00
1.333986787485537562e+00
1.332943999352233400e+00
1.331902026374747194e+00
1.330860867915865331e+00
1.329820523338871796e+00
1.328780992007548845e+00
1.327742273286175889e+00
1.326704366539528834e+00
1.325667271132880964e+00
1.324630986432001167e+00
1.323595511803154157e+00
1.322560846613100471e+00
1.321526990229095144e+00
1.320493942018887923e+00
1.319461701350722826e+00
1.318430267593338145e+00
1.317399640115964887e+00
1.316369818288327886e+00
1.315340801480644028e+00
1.314312589063622916e+00
1.313285180408465758e+00
1.312258574886865814e+00
1.311232771871006841e+00
1.310207770733563981e+00
1.309183570847702205e+00
1.308160171587076759e+00
1.307137572325832497e+00
1.306115772438603884e+00
1.305094771300513434e+00
1.304074568287172609e+00
1.303055162774681142e+00
1.302036554139626157e+00
1.301018741759081943e+00
1.300001725010610398e+00
1.298985503272259256e+00
1.297970075922562971e+00
1.296955442340541387e+00
1.295941601905699958e+00
1.294928553998029308e+00
1.293916297998004783e+00
1.292904833286585564e+00
1.291894159245215112e+00
1.290884275255820279e+00
1.289875180700811086e+00
1.288866874963080722e+00
1.287859357426003992e+00
1.286852627473438426e+00
1.285846684489722502e+00
1.284841527859676980e+00
1.283837156968602455e+00
1.282833571202280698e+00
1.281830769946973314e+00
1.280828752589421970e+00
1.279827518516847285e+00
1.278827067116949046e+00
1.277827397777906215e+00
1.276828509888375152e+00
1.275830402837490718e+00
1.274833076014865174e+00
1.273836528810587509e+00
1.272840760615224109e+00
1.271845770819817423e+00
1.270851558815886184e+00
1.269858123995424304e+00
1.268865465750901311e+00
1.267873583475261468e+00
1.266882476561923987e+00
1.265892144404781705e+00
1.264902586398201745e+00
1.263913801937024406e+00
1.262925790416562721e+00
1.261938551232603123e+00
1.260952083781403887e+00
1.259966387459695358e+00
1.258981461664679280e+00
1.257997305794029019e+00
1.257013919245888234e+00
1.256031301418871760e+00
1.255049451712064057e+00
1.254068369525019211e+00
1.253088054257760930e+00
1.252108505310782105e+00
1.251129722085043916e+00
1.250151703981976059e+00
1.249174450403475634e+00
1.248197960751908031e+00
1.247222234430105603e+00
1.246247270841366994e+00
1.245273069389457588e+00
1.244299629478609504e+00
1.243326950513519602e+00
1.242355031899350593e+00
1.241383873041730146e+00
1.240413473346750228e+00
1.239443832220967767e+00
1.238474949071402653e+00
1.237506823305539294e+00
1.236539454331324617e+00
1.235572841557168289e+00
1.234606984391943163e+00
1.233641882244983279e+00
1.232677534526085195e+00
1.231713940645505989e+00
1.230751100013964594e+00
1.229789012042640239e+00
1.228827676143172232e+00
1.227867091727659954e+00
1.226907258208662643e+00
1.225948174999198281e+00
1.224989841512743816e+00
1.224032257163235160e+00
1.223075421365065640e+00
1.222119333533086882e+00
1.221163993082607480e+00
1.220209399429393660e+00
1.219255551989667730e+00
1.218302450180108965e+00
1.217350093417852053e+00
1.216398481120487762e+00
1.215447612706061831e+00
1.214497487593074743e+00
1.213548105200482397e+00
1.212599464947693884e+00
1.211651566254572820e+00
1.210704408541435795e+00
1.209757991229053253e+00
1.208812313738647726e+00
1.207867375491894490e+00
1.206923175910920687e+00
1.205979714418305981e+00
1.205036990437080124e+00
1.204095003390724949e+00
1.203153752703172596e+00
1.202213237798805290e+00
1.201273458102455560e+00
1.200334413039405357e+00
1.199396102035386047e+00
1.198458524516577528e+00
1.197521679909609116e+00
1.196585567641557324e+00
1.195650187139947196e+00
1.194715537832750751e+00
1.193781619148387874e+00
1.192848430515724534e+00
1.191915971364073679e+00
1.190984241123193899e+00
1.190053239223290316e+00
1.189122965095012585e+00
1.188193418169455784e+00
1.187264597878159744e+00
1.186336503653109054e+00
1.185409134926731500e+00
1.184482491131898962e+00
1.183556571701926963e+00
1.182631376070573337e+00
1.181706903672039344e+00
1.180783153940967667e+00
1.179860126312443747e+00
1.178937820221994004e+00
1.178016235105586507e+00
1.177095370399630081e+00
1.176175225540974090e+00
1.175255799966907988e+00
1.174337093115161323e+00
1.173419104423903292e+00
1.172501833331742072e+00
1.171585279277724378e+00
1.170669441701336355e+00
1.169754320042501128e+00
1.168839913741580583e+00
1.167926222239373590e+00
1.167013244977116226e+00
1.166100981396481551e+00
1.165189430939578941e+00
1.164278593048953647e+00
1.163368467167587239e+00
1.162459052738896270e+00
1.161550349206732280e+00
1.160642356015382015e+00
1.159735072609566320e+00
1.158828498434440135e+00
1.157922632935592278e+00
1.157017475559044772e+00
1.156113025751252632e+00
1.155209282959103856e+00
1.154306246629918764e+00
1.153403916211449332e+00
1.152502291151879632e+00
1.151601370899824950e+00
1.150701154904331558e+00
1.149801642614876940e+00
1.148902833481367791e+00
1.148004726954141796e+00
1.147107322483966074e+00
1.146210619522036955e+00
1.145314617519979983e+00
1.144419315929849024e+00
1.143524714204126269e+00
1.142630811795722678e+00
1.141737608157975759e+00
1.140845102744651340e+00
1.139953295009941581e+00
1.139062184408465406e+00
1.138171770395268512e+00
1.137282052425822254e+00
1.136393029956023426e+00
1.135504702442194480e+00
1.134617069341082640e+00
1.133730130109860346e+00
1.132843884206123697e+00
1.131958331087893121e+00
1.131073470213612486e+00
1.130189301042149319e+00
1.129305823032793921e+00
1.128423035645259587e+00
1.127540938339681276e+00
1.126659530576616719e+00
1.125778811817045089e+00
1.124898781522366553e+00
1.124019439154402944e+00
1.123140784175396201e+00
1.122262816048009038e+00
1.121385534235323833e+00
1.120508938200843074e+00
1.119633027408488468e+00
1.118757801322600720e+00
1.117883259407939311e+00
1.117009401129682056e+00
1.116136225953425098e+00
1.115263733345182029e+00
1.114391922771383880e+00
1.113520793698878908e+00
1.112650345594932366e+00
1.111780577927225400e+00
1.110911490163855708e+00
1.110043081773336660e+00
1.109175352224596844e+00
1.108308300986980521e+00
1.107441927530246284e+00
1.106576231324567283e+00
1.105711211840531227e+00
1.104846868549139272e+00
1.103983200921806240e+00
1.103120208430360183e+00
1.102257890547041708e+00
1.101396246744504648e+00
1.100535276495814507e+00
1.099674979274448683e+00
1.098815354554296686e+00
1.097956401809658589e+00
1.097098120515245911e+00
1.096240510146180736e+00
1.095383570177995258e+00
1.094527300086631794e+00
1.093671699348442106e+00
1.092816767440187853e+00
1.091962503839038812e+00
1.091108908022574431e+00
1.090255979468782055e+00
1.089403717656056703e+00
1.088552122063201955e+00
1.087701192169428399e+00
1.086850927454353410e+00
1.086001327398001814e+00
1.085152391480804557e+00
1.084304119183598480e+00
1.083456509987626770e+00
1.082609563374537842e+00
1.081763278826385566e+00
1.080917655825627932e+00
1.080072693855128607e+00
1.079228392398154712e+00
1.078384750938377712e+00
1.077541768959872304e+00
1.076699445947116640e+00
1.075857781384992107e+00
1.075016774758782656e+00
1.074176425554174585e+00
1.073336733257255871e+00
1.072497697354516610e+00
1.071659317332848360e+00
1.070821592679543466e+00
1.069984522882295508e+00
1.069148107429197969e+00
1.068312345808745123e+00
1.067477237509830479e+00
1.066642782021747449e+00
1.065808978834188681e+00
1.064975827437245393e+00
1.064143327321408039e+00
1.063311477977564756e+00
1.062480278897001806e+00
1.061649729571403133e+00
1.060819829492850364e+00
1.059990578153821916e+00
1.059161975047192561e+00
1.058334019666234083e+00
1.057506711504613950e+00
1.056680050056395981e+00
1.055854034816038789e+00
1.055028665278396893e+00
1.054203940938718942e+00
1.053379861292648823e+00
1.052556425836224330e+00
1.051733634065876943e+00
1.050911485478432716e+00
1.050089979571109833e+00
1.049269115841520383e+00
1.048448893787669034e+00
1.047629312907952581e+00
1.046810372701159952e+00
1.045992072666472206e+00
1.045174412303461420e+00
1.044357391112091582e+00
1.043541008592716812e+00
1.042725264246082029e+00
1.041910157573322726e+00
1.041095688075964087e+00
1.040281855255920762e+00
1.039468658615497310e+00
1.038656097657386868e+00
1.037844171884671596e+00
1.037032880800822010e+00
1.036222223909696760e+00
1.035412200715542186e+00
1.034602810722992317e+00
1.033794053437068428e+00
1.032985928363178818e+00
1.032178435007118145e+00
1.031371572875067644e+00
1.030565341473594243e+00
1.029759740309651228e+00
1.028954768890576243e+00
1.028150426724093291e+00
1.027346713318310290e+00
1.026543628181720180e+00
1.025741170823199599e+00
1.024939340752009764e+00
1.024138137477794919e+00
1.023337560510583000e+00
1.022537609360784527e+00
1.021738283539193493e+00
1.020939582556985359e+00
1.020141505925718617e+00
1.019344053157332786e+00
1.018547223764149523e+00
1.017751017258871515e+00
1.016955433154581812e+00
1.016160470964745155e+00
1.015366130203205763e+00
1.014572410384188217e+00
1.013779311022296792e+00
1.012986831632515017e+00
1.012194971730206117e+00
1.011403730831111458e+00
1.010613108451351438e+00
1.009823104107424596e+00
1.009033717316207168e+00
1.008244947594953533e+00
1.007456794461294880e+00
1.006669257433240094e+00
1.005882336029174207e+00
1.005096029767859056e+00
1.004310338168432848e+00
1.003525260750409265e+00
1.002740797033677689e+00
1.001956946538503423e+00
1.001173708785525696e+00
1.000391083295759431e+00
9.996090695905934798e-01
9.988276671917908356e-01
9.980468756214884163e-01
9.972666944021968405e-01
9.964871230567996507e-01
9.957081611085537576e-01
9.949298080810884404e-01
9.941520634984055693e-01
9.933749268848787173e-01
9.925983977652538259e-01
9.918224756646479845e-01
9.910471601085494298e-01
9.902724506228175461e-01
9.894983467336824212e-01
9.887248479677441804e-01
9.879519538519733191e-01
9.871796639137098150e-01
9.864079776806634614e-01
9.856368946809128673e-01
9.848664144429059020e-01
9.840965364954589178e-01
9.833272603677564172e-01
9.825585855893511633e-01
9.817905116901636253e-01
9.810230382004816452e-01
9.802561646509604376e-01
9.794898905726219240e-01
9.787242154968547325e-01
9.779591389554136427e-01
9.771946604804196967e-01
9.764307796043595333e-01
9.756674958600852765e-01
9.749048087808142027e-01
9.741427179001286296e-01
9.733812227519753613e-01
9.726203228706653547e-01
9.718600177908738313e-01
9.711003070476397214e-01
9.703411901763654424e-01
9.695826667128164544e-01
9.688247361931212609e-01
9.680673981537707418e-01
9.673106521316184869e-01
9.665544976638797969e-01
9.657989342881319050e-01
9.650439615423135331e-01
9.642895789647244476e-01
9.635357860940254593e-01
9.627825824692379797e-01
9.620299676297436875e-01
9.612779411152846398e-01
9.605265024659621620e-01
9.597756512222376246e-01
9.590253869249312224e-01
9.582757091152224183e-01
9.575266173346489440e-01
9.567781111251073556e-01
9.560301900288519228e-01
9.552828535884949623e-01
9.545361013470063938e-01
9.537899328477131844e-01
9.530443476342994602e-01
9.522993452508058398e-01
9.515549252416297676e-01
9.508110871515242923e-01
9.500678305255988443e-01
9.493251549093182362e-01
9.485830598485024412e-01
9.478415448893265927e-01
9.471006095783207623e-01
9.463602534623692941e-01
9.456204760887108041e-01
9.448812770049377363e-01
9.441426557589962520e-01
9.434046118991860075e-01
9.426671449741594877e-01
9.419302545329223397e-01
9.411939401248324844e-01
9.404582012996002272e-01
9.397230376072879254e-01
9.389884485983094331e-01
9.382544338234302117e-01
9.375209928337669973e-01
9.367881251807872456e-01
9.360558304163090204e-01
9.353241080925008832e-01
9.345929577618813378e-01
9.338623789773188300e-01
9.331323712920310820e-01
9.324029342595853143e-01
9.316740674338976902e-01
9.309457703692328723e-01
9.302180426202043551e-01
9.294908837417733549e-01
9.287642932892492542e-01
9.280382708182889351e-01
9.273128158848967795e-01
9.265879280454240030e-01
9.258636068565687660e-01
9.251398518753758404e-01
9.244166626592361657e-01
9.236940387658866269e-01
9.229719797534098324e-01
9.222504851802340031e-01
9.215295546051323061e-01
9.208091875872230769e-01
9.200893836859691532e-01
9.193701424611775419e-01
9.186514634729997519e-01
9.179333462819309064e-01
9.172157904488096314e-01
9.164987955348179449e-01
9.157823611014809240e-01
9.150664867106663714e-01
9.143511719245845937e-01
9.136364163057879573e-01
9.129222194171711102e-01
9.122085808219700942e-01
9.114955000837624555e-01
9.107829767664670229e-01
9.100710104343434637e-01
9.093596006519918395e-01
9.086487469843527176e-01
9.079384489967070593e-01
9.072287062546751102e-01
9.065195183242170662e-01
9.058108847716322964e-01
9.051028051635591209e-01
9.043952790669746999e-01
9.036883060491945896e-01
9.029818856778728531e-01
9.022760175210012834e-01
9.015707011469094034e-01
9.008659361242641328e-01
9.001617220220697879e-01
8.994580584096673048e-01
8.987549448567344612e-01
8.980523809332854324e-01
8.973503662096704581e-01
8.966489002565755095e-01
8.959479826450224005e-01
8.952476129463681209e-01
8.945477907323048372e-01
8.938485155748593369e-01
8.931497870463932509e-01
8.924516047196022761e-01
8.917539681675161756e-01
8.910568769634984454e-01
8.903603306812463147e-01
8.896643288947899686e-01
8.889688711784926589e-01
8.882739571070503715e-01
8.875795862554917148e-01
8.868857581991772543e-01
8.861924725137996228e-01
8.854997287753831881e-01
8.848075265602837192e-01
8.841158654451879428e-01
8.834247450071137653e-01
8.827341648234096061e-01
8.820441244717543983e-01
8.813546235301569221e-01
8.806656615769562491e-01
8.799772381908206320e-01
8.792893529507480599e-01
8.786020054360653697e-01
8.779151952264283576e-01
8.772289219018214457e-01
8.765431850425571270e-01
8.758579842292762985e-01
8.751733190429474840e-01
8.744891890648667232e-01
8.738055938766576825e-01
8.731225330602706558e-01
8.724400061979830090e-01
8.717580128723985133e-01
8.710765526664472347e-01
8.703956251633854224e-01
8.697152299467948433e-01
8.690353666005828925e-01
8.683560347089823717e-01
8.676772338565508225e-01
8.669989636281707490e-01
8.663212236090491736e-01
8.656440133847170815e-01
8.649673325410298652e-01
8.642911806641663253e-01
8.636155573406288921e-01
8.629404621572431822e-01
8.622658947011578867e-01
8.615918545598442169e-01
8.609183413210961255e-01
8.602453545730297524e-01
8.595728939040828687e-01
8.589009589030154324e-01
8.582295491589084779e-01
8.575586642611646715e-01
8.568883037995073115e-01
8.562184673639804400e-01
8.555491545449487312e-01
8.548803649330969368e-01
8.542120981194297746e-01
8.535443536952719290e-01
8.528771312522671622e-01
8.522104303823786475e-01
8.515442506778886367e-01
8.508785917313977931e-01
8.502134531358256364e-01
8.495488344844094319e-01
8.488847353707049681e-01
8.482211553885852240e-01
8.475580941322410355e-01
8.468955511961802074e-01
8.462335261752277349e-01
8.455720186645251379e-01
8.449110282595306831e-01
8.442505545560184954e-01
8.435905971500791134e-01
8.429311556381183790e-01
8.422722296168579925e-01
8.416138186833347357e-01
8.409559224349003603e-01
8.402985404692213667e-01
8.396416723842790031e-01
8.389853177783684890e-01
8.383294762500990149e-01
8.376741473983939645e-01
8.370193308224898043e-01
8.363650261219364168e-01
8.357112328965967674e-01
8.350579507466467932e-01
8.344051792725744043e-01
8.337529180751805935e-01
8.331011667555776601e-01
8.324499249151903202e-01
8.317991921557543744e-01
8.311489680793173740e-01
8.304992522882376216e-01
8.298500443851843933e-01
8.292013439731377167e-01
8.285531506553875936e-01
8.279054640355345551e-01
8.272582837174886627e-01
8.266116093054697300e-01
8.259654404040071007e-01
8.253197766179390937e-01
8.246746175524128919e-01
8.240299628128845422e-01
8.233858120051182894e-01
8.227421647351866874e-01
8.220990206094701547e-01
8.214563792346568638e-01
8.208142402177422969e-01
8.201726031660294680e-01
8.195314676871280346e-01
8.188908333889546309e-01
8.182506998797320907e-01
8.176110667679897803e-01
8.169719336625631545e-01
8.163333001725930904e-01
8.156951659075262206e-01
8.150575304771144891e-01
8.144203934914148180e-01
8.137837545607889966e-01
8.131476132959034597e-01
8.125119693077288430e-01
8.118768222075399832e-01
8.112421716069155853e-01
8.106080171177380000e-01
8.099743583521928914e-01
8.093411949227691249e-01
8.087085264422585462e-01
8.080763525237556477e-01
8.074446727806572355e-01
8.068134868266626514e-01
8.061827942757727739e-01
8.055525947422906841e-01
8.049228878408204446e-01
8.042936731862679878e-01
8.036649503938397832e-01
8.030367190790432819e-01
8.024089788576865834e-01
8.017817293458779915e-01
8.011549701600257922e-01
8.005287009168384760e-01
7.999029212333237382e-01
7.992776307267890346e-01
7.986528290148408038e-01
7.980285157153843567e-01
7.974046904466236541e-01
7.967813528270613066e-01
7.961585024754981310e-01
7.955361390110327058e-01
7.949142620530614822e-01
7.942928712212784514e-01
7.936719661356750333e-01
7.930515464165392991e-01
7.924316116844566382e-01
7.918121615603087582e-01
7.911931956652735742e-01
7.905747136208255421e-01
7.899567150487347700e-01
7.893391995710669073e-01
7.887221668101832561e-01
7.881056163887402155e-01
7.874895479296892820e-01
7.868739610562766051e-01
7.862588553920426548e-01
7.856442305608226651e-01
7.850300861867453017e-01
7.844164218942336619e-01
7.838032373080039417e-01
7.831905320530659909e-01
7.825783057547227584e-01
7.819665580385699588e-01
7.813552885304960727e-01
7.807444968566821242e-01
7.801341826436011262e-01
7.795243455180183023e-01
7.789149851069904207e-01
7.783061010378661271e-01
7.776976929382849457e-01
7.770897604361777233e-01
7.764823031597660741e-01
7.758753207375623795e-01
7.752688127983693445e-01
7.746627789712796641e-01
7.740572188856761349e-01
7.734521321712313213e-01
7.728475184579072232e-01
7.722433773759550535e-01
7.716397085559150160e-01
7.710365116286163056e-01
7.704337862251765534e-01
7.698315319770017151e-01
7.692297485157861825e-01
7.686284354735117841e-01
7.680275924824483402e-01
7.674272191751529970e-01
7.668273151844704483e-01
7.662278801435319364e-01
7.656289136857556965e-01
7.650304154448466232e-01
7.644323850547958266e-01
7.638348221498805213e-01
7.632377263646638044e-01
7.626410973339945443e-01
7.620449346930069368e-01
7.614492380771205049e-01
7.608540071220395440e-01
7.602592414637535656e-01
7.596649407385360764e-01
7.590711045829452441e-01
7.584777326338233427e-01
7.578848245282964191e-01
7.572923799037742931e-01
7.567003983979500026e-01
7.561088796488001362e-01
7.555178232945840566e-01
7.549272289738439001e-01
7.543370963254044659e-01
7.537474249883726607e-01
7.531582146021379431e-01
7.525694648063712133e-01
7.519811752410252570e-01
7.513933455463341904e-01
7.508059753628136823e-01
7.502190643312599549e-01
7.496326120927502279e-01
7.490466182886424962e-01
7.484610825605748641e-01
7.478760045504655452e-01
7.472913839005128622e-01
7.467072202531945813e-01
7.461235132512682444e-01
7.455402625377705039e-01
7.449574677560167890e-01
7.443751285496019721e-01
7.437932445623989253e-01
7.432118154385591868e-01
7.426308408225125168e-01
7.420503203589664531e-01
7.414702536929064225e-01
7.408906404695952963e-01
7.403114803345731687e-01
7.397327729336574675e-01
7.391545179129421772e-01
7.385767149187980607e-01
7.379993635978724376e-01
7.374224635970887398e-01
7.368460145636464009e-01
7.362700161450205227e-01
7.356944679889620975e-01
7.351193697434971197e-01
7.345447210569269192e-01
7.339705215778278280e-01
7.333967709550505143e-01
7.328234688377206485e-01
7.322506148752379040e-01
7.316782087172759574e-01
7.311062500137825992e-01
7.305347384149788459e-01
7.299636735713596059e-01
7.293930551336926804e-01
7.288228827530189857e-01
7.282531560806522197e-01
7.276838747681786401e-01
7.271150384674568423e-01
7.265466468306176484e-01
7.259786995100635520e-01
7.254111961584690516e-01
7.248441364287803168e-01
7.242775199742141901e-01
7.237113464482591851e-01
7.231456155046744882e-01
7.225803267974897359e-01
7.220154799810053481e-01
7.214510747097917509e-01
7.208871106386895988e-01
7.203235874228091085e-01
7.197605047175302806e-01
7.191978621785024561e-01
7.186356594616440940e-01
7.180738962231428824e-01
7.175125721194548500e-01
7.169516868073049221e-01
7.163912399436862533e-01
7.158312311858600063e-01
7.152716601913555738e-01
7.147125266179696901e-01
7.141538301237668751e-01
7.135955703670788797e-01
7.130377470065043521e-01
7.124803597009090605e-01
7.119234081094252264e-01
7.113668918914518580e-01
7.108108107066538617e-01
7.102551642149622646e-01
7.096999520765742142e-01
7.091451739519520903e-01
7.085908295018238379e-01
7.080369183871826344e-01
7.074834402692868895e-01
7.069303948096593571e-01
7.063777816700876899e-01
7.058256005126237742e-01
7.052738509995838401e-01
7.047225327935480177e-01
7.041716455573600042e-01
7.036211889541273967e-01
7.030711626472209153e-01
7.025215663002745137e-01
7.019723995771849356e-01
7.014236621421119366e-01
7.008753536594776179e-01
7.003274737939662042e-01
6.997800222105245993e-01
6.992329985743610532e-01
6.986864025509458287e-01
6.981402338060106461e-01
6.975944920055485721e-01
6.970491768158134649e-01
6.965042879033205292e-01
6.959598249348454280e-01
6.954157875774241715e-01
6.948721754983532284e-01
6.943289883651891925e-01
6.937862258457485609e-01
6.932438876081071788e-01
6.927019733206005725e-01
6.921604826518237275e-01
6.916194152706303111e-01
6.910787708461331169e-01
6.905385490477035093e-01
6.899987495449713126e-01
6.894593720078245891e-01
6.889204161064095278e-01
6.883818815111300005e-01
6.878437678926477838e-01
6.873060749218817822e-01
6.867688022700084716e-01
6.862319496084610115e-01
6.856955166089298004e-01
6.851595029433616979e-01
6.846239082839598034e-01
6.840887323031837886e-01
6.835539746737492317e-01
6.830196350686273954e-01
6.824857131610455596e-01
6.819522086244861336e-01
6.814191211326867670e-01
6.808864503596402384e-01
6.803541959795942340e-01
6.798223576670511248e-01
6.792909350967674120e-01
6.787599279437541711e-01
6.782293358832763852e-01
6.776991585908528348e-01
6.771693957422560972e-01
6.766400470135121026e-01
6.761111120809000230e-01
6.755825906209521614e-01
6.750544823104536185e-01
6.745267868264421818e-01
6.739995038462079924e-01
6.734726330472936562e-01
6.729461741074935777e-01
6.724201267048544040e-01
6.718944905176742477e-01
6.713692652245025760e-01
6.708444505041402106e-01
6.703200460356393275e-01
